{
  "asset": {
    "version": "2.0",
    "generator": "THREE.GLTFExporter"
  },
  "scenes": [
    {
      "nodes": [
        103
      ],
      "name": "AuxScene"
    }
  ],
  "scene": 0,
  "nodes": [
    {
      "matrix": [
        100,
        0,
        0,
        0,
        0,
        107.35564422607409,
        0.000004692664249538823,
        0,
        0,
        -0.000004634194865144198,
        106.01802062988271,
        0,
        9.147464752197266,
        484.91339111328125,
        -14.119357109069824,
        1
      ],
      "name": "Hands",
      "extras": {
        "transformData": {
          "inheritType": 1,
          "eulerOrder": "ZYX",
          "translation": [
            9.147464752197266,
            484.91339111328125,
            -14.119357109069824
          ],
          "rotation": [
            0.0000025044780654876655,
            0,
            0
          ],
          "scale": [
            100,
            107.35564422607422,
            106.01802062988281
          ],
          "parentMatrixWorld": {
            "elements": [
              0.5403023058681398,
              0,
              -0.8414709848078965,
              0,
              0,
              1,
              0,
              0,
              0.8414709848078965,
              0,
              0.5403023058681398,
              0,
              0,
              -660,
              0,
              1
            ]
          }
        }
      },
      "mesh": 0,
      "skin": 0
    },
    {
      "matrix": [
        73.5420913696289,
        0,
        0,
        0,
        0,
        96.6259307861327,
        0.000004223653579160115,
        0,
        0,
        -0.000004024404790860865,
        92.06764984130851,
        0,
        0,
        591.7634887695312,
        -13.087230682373047,
        1
      ],
      "name": "Head",
      "extras": {
        "transformData": {
          "inheritType": 1,
          "eulerOrder": "ZYX",
          "translation": [
            0,
            591.7634887695312,
            -13.087230682373047
          ],
          "rotation": [
            0.0000025044780654876655,
            0,
            0
          ],
          "scale": [
            73.5420913696289,
            96.62593078613281,
            92.0676498413086
          ],
          "parentMatrixWorld": {
            "elements": [
              0.5403023058681398,
              0,
              -0.8414709848078965,
              0,
              0,
              1,
              0,
              0,
              0.8414709848078965,
              0,
              0.5403023058681398,
              0,
              0,
              -660,
              0,
              1
            ]
          }
        }
      },
      "mesh": 1,
      "skin": 1
    },
    {
      "matrix": [
        0.00001947071888164231,
        3.9443045261050585e-29,
        -99.9999999999981,
        0,
        5.024296205317298e-13,
        100,
        9.782665907914458e-20,
        0,
        99.9999999999981,
        -5.024296205317392e-13,
        0.00001947071888164231,
        0,
        11.051175117492676,
        406.514892578125,
        1297.684814453125,
        1
      ],
      "name": "Camera",
      "extras": {
        "transformData": {
          "inheritType": 1,
          "eulerOrder": "ZYX",
          "translation": [
            11.051175117492676,
            406.514892578125,
            1297.684814453125
          ],
          "rotation": [
            2.878709675882815e-13,
            89.99998884409983,
            0
          ],
          "scale": [
            100,
            100,
            100
          ],
          "parentMatrixWorld": {
            "elements": [
              0.5403023058681398,
              0,
              -0.8414709848078965,
              0,
              0,
              1,
              0,
              0,
              0.8414709848078965,
              0,
              0.5403023058681398,
              0,
              0,
              -660,
              0,
              1
            ]
          }
        }
      },
      "camera": 0
    },
    {
      "matrix": [
        109.4395523071289,
        0,
        0,
        0,
        0,
        99.9999999999999,
        0.000004371138828673792,
        0,
        0,
        -0.00000409138420948325,
        93.59996032714832,
        0,
        -0.000004316761078371201,
        208.44227600097656,
        -20.903539657592773,
        1
      ],
      "name": "Pants",
      "extras": {
        "transformData": {
          "inheritType": 1,
          "eulerOrder": "ZYX",
          "translation": [
            -0.000004316761078371201,
            208.44227600097656,
            -20.903539657592773
          ],
          "rotation": [
            0.0000025044780654876655,
            0,
            0
          ],
          "scale": [
            109.4395523071289,
            100,
            93.59996032714844
          ],
          "parentMatrixWorld": {
            "elements": [
              0.5403023058681398,
              0,
              -0.8414709848078965,
              0,
              0,
              1,
              0,
              0,
              0.8414709848078965,
              0,
              0.5403023058681398,
              0,
              0,
              -660,
              0,
              1
            ]
          }
        }
      },
      "mesh": 2,
      "skin": 2
    },
    {
      "matrix": [
        86.02737426757812,
        0,
        0,
        0,
        0,
        179.7295074462889,
        0.000007856226286568895,
        0,
        0,
        -0.000002654350976105429,
        60.724472045898366,
        0,
        0,
        77.63699340820312,
        -27.3123836517334,
        1
      ],
      "name": "Bootstrap",
      "extras": {
        "transformData": {
          "inheritType": 1,
          "eulerOrder": "ZYX",
          "translation": [
            0,
            77.63699340820312,
            -27.3123836517334
          ],
          "rotation": [
            0.0000025044780654876655,
            0,
            0
          ],
          "scale": [
            86.02737426757812,
            179.72950744628906,
            60.72447204589844
          ],
          "parentMatrixWorld": {
            "elements": [
              0.5403023058681398,
              0,
              -0.8414709848078965,
              0,
              0,
              1,
              0,
              0,
              0.8414709848078965,
              0,
              0.5403023058681398,
              0,
              0,
              -660,
              0,
              1
            ]
          }
        }
      },
      "mesh": 3,
      "skin": 3
    },
    {
      "matrix": [
        73.5420913696289,
        0,
        0,
        0,
        0,
        96.6259307861327,
        0.000004223653579160115,
        0,
        0,
        -0.000004024404790860865,
        92.06764984130851,
        0,
        0.000002750330395429046,
        591.3193969726562,
        -22.76999855041504,
        1
      ],
      "name": "Hood",
      "extras": {
        "transformData": {
          "inheritType": 1,
          "eulerOrder": "ZYX",
          "translation": [
            0.000002750330395429046,
            591.3193969726562,
            -22.76999855041504
          ],
          "rotation": [
            0.0000025044780654876655,
            0,
            0
          ],
          "scale": [
            73.5420913696289,
            96.62593078613281,
            92.0676498413086
          ],
          "parentMatrixWorld": {
            "elements": [
              0.5403023058681398,
              0,
              -0.8414709848078965,
              0,
              0,
              1,
              0,
              0,
              0.8414709848078965,
              0,
              0.5403023058681398,
              0,
              0,
              -660,
              0,
              1
            ]
          }
        }
      },
      "mesh": 4,
      "skin": 4
    },
    {
      "matrix": [
        100,
        0,
        0,
        0,
        0,
        107.35564422607409,
        0.000004692664249538823,
        0,
        0,
        -0.000004634194865144198,
        106.01802062988271,
        0,
        0,
        487.4425048828125,
        -1.9227385520935059,
        1
      ],
      "name": "Arms",
      "extras": {
        "transformData": {
          "inheritType": 1,
          "eulerOrder": "ZYX",
          "translation": [
            0,
            487.4425048828125,
            -1.9227385520935059
          ],
          "rotation": [
            0.0000025044780654876655,
            0,
            0
          ],
          "scale": [
            100,
            107.35564422607422,
            106.01802062988281
          ],
          "parentMatrixWorld": {
            "elements": [
              0.5403023058681398,
              0,
              -0.8414709848078965,
              0,
              0,
              1,
              0,
              0,
              0.8414709848078965,
              0,
              0.5403023058681398,
              0,
              0,
              -660,
              0,
              1
            ]
          }
        }
      },
      "mesh": 5,
      "skin": 5
    },
    {
      "matrix": [
        100,
        0,
        0,
        0,
        0,
        -0.0000162920679613876,
        -99.99999999999866,
        0,
        0,
        96.62593078613152,
        -0.0000157423623120001,
        0,
        0,
        416.8103332519531,
        -20.2659969329834,
        1
      ],
      "name": "Coat",
      "extras": {
        "transformData": {
          "inheritType": 1,
          "eulerOrder": "ZYX",
          "translation": [
            0,
            416.8103332519531,
            -20.2659969329834
          ],
          "rotation": [
            -90.00000933466734,
            0,
            0
          ],
          "scale": [
            100,
            100,
            96.62593078613281
          ],
          "parentMatrixWorld": {
            "elements": [
              0.5403023058681398,
              0,
              -0.8414709848078965,
              0,
              0,
              1,
              0,
              0,
              0.8414709848078965,
              0,
              0.5403023058681398,
              0,
              0,
              -660,
              0,
              1
            ]
          }
        }
      },
      "mesh": 6,
      "skin": 6
    },
    {
      "matrix": [
        -88.99967193603516,
        0,
        0,
        0,
        0,
        99.99999999999886,
        0.000015099579909783707,
        0,
        0,
        -0.00001036285625344702,
        68.6300964355461,
        0,
        0.000021874651793041267,
        41.233245849609375,
        -6.39357328414917,
        1
      ],
      "name": "Boots",
      "extras": {
        "transformData": {
          "inheritType": 1,
          "eulerOrder": "ZYX",
          "translation": [
            0.000021874651793041267,
            41.233245849609375,
            -6.39357328414917
          ],
          "rotation": [
            -179.999991348578,
            0,
            0
          ],
          "scale": [
            -88.99967193603516,
            -100,
            -68.63009643554688
          ],
          "parentMatrixWorld": {
            "elements": [
              0.5403023058681398,
              0,
              -0.8414709848078965,
              0,
              0,
              1,
              0,
              0,
              0.8414709848078965,
              0,
              0.5403023058681398,
              0,
              0,
              -660,
              0,
              1
            ]
          }
        }
      },
      "mesh": 7,
      "skin": 7
    },
    {
      "matrix": [
        100,
        0,
        0,
        0,
        0,
        107.35564422607409,
        0.000004692664249538823,
        0,
        0,
        -0.000004042864541805657,
        92.48995971679676,
        0,
        0,
        490.7701416015625,
        -4.808833599090576,
        1
      ],
      "name": "Gloves",
      "extras": {
        "transformData": {
          "inheritType": 1,
          "eulerOrder": "ZYX",
          "translation": [
            0,
            490.7701416015625,
            -4.808833599090576
          ],
          "rotation": [
            0.0000025044780654876655,
            0,
            0
          ],
          "scale": [
            100,
            107.35564422607422,
            92.48995971679688
          ],
          "parentMatrixWorld": {
            "elements": [
              0.5403023058681398,
              0,
              -0.8414709848078965,
              0,
              0,
              1,
              0,
              0,
              0.8414709848078965,
              0,
              0.5403023058681398,
              0,
              0,
              -660,
              0,
              1
            ]
          }
        }
      },
      "mesh": 8,
      "skin": 8
    },
    {
      "name": "mixamorigHips"
    },
    {
      "name": "mixamorigSpine"
    },
    {
      "name": "mixamorigSpine1"
    },
    {
      "name": "mixamorigSpine1",
      "children": [
        12
      ]
    },
    {
      "name": "mixamorigSpine2"
    },
    {
      "name": "mixamorigSpine2",
      "children": [
        14
      ]
    },
    {
      "name": "mixamorigSpine2",
      "children": [
        15
      ]
    },
    {
      "name": "mixamorigSpine2",
      "children": [
        16
      ]
    },
    {
      "name": "mixamorigNeck"
    },
    {
      "name": "mixamorigNeck",
      "children": [
        18
      ]
    },
    {
      "name": "mixamorigHead"
    },
    {
      "name": "mixamorigHead",
      "children": [
        20
      ]
    },
    {
      "matrix": [
        1,
        0,
        0,
        0,
        0,
        1,
        0,
        0,
        0,
        0,
        1,
        0,
        0,
        129.97149658203125,
        -9.20415115356445,
        1
      ],
      "name": "mixamorigHeadTop_End",
      "extras": {
        "transformData": {
          "eulerOrder": "ZYX",
          "translation": [
            0,
            129.97149658203125,
            -9.20415115356445
          ],
          "parentMatrixWorld": {
            "elements": [
              0.9601732558296624,
              0.014304614325828729,
              -0.2790388818026175,
              0,
              0.009869859880807314,
              0.9963288335707364,
              0.08503788174390815,
              0,
              0.27923091772688613,
              -0.0844051744536256,
              0.956507115467491,
              0,
              0,
              36.98004150390625,
              -2.618804931640625,
              1
            ]
          }
        }
      }
    },
    {
      "matrix": [
        0.9320284274139814,
        -0.03120883663133006,
        -0.36103879947576345,
        0,
        0.0757509611761284,
        0.9910536210047778,
        0.10988408260840356,
        0,
        0.3543794549514323,
        -0.12976412541961171,
        0.9260542473336344,
        0,
        0,
        36.98004150390625,
        -2.618804931640625,
        1
      ],
      "name": "mixamorigHead",
      "extras": {
        "transformData": {
          "eulerOrder": "ZYX",
          "translation": [
            0,
            36.98004150390625,
            -2.618804931640625
          ],
          "parentMatrixWorld": {
            "elements": [
              0.973396617184932,
              0.06518545511839036,
              -0.21965855552606559,
              0,
              -0.05956789817249548,
              0.9977077370152911,
              0.03210820633795269,
              0,
              0.22124802842534105,
              -0.018169420682499816,
              0.9750482967826553,
              0,
              0,
              54.857438092745724,
              8.648590004156631e-7,
              1
            ]
          }
        }
      },
      "children": [
        21,
        22
      ]
    },
    {
      "matrix": [
        0.9708043509308324,
        0.07940238029343974,
        -0.22634967531162722,
        0,
        -0.07315896969657965,
        0.9966756291794693,
        0.03585324950731344,
        0,
        0.22844403836142899,
        -0.018246981970580896,
        0.9733860334767743,
        0,
        0,
        54.857438092745724,
        8.648590004156631e-7,
        1
      ],
      "name": "mixamorigNeck",
      "extras": {
        "transformData": {
          "eulerOrder": "ZYX",
          "translation": [
            0,
            54.857438092745724,
            8.648590004156631e-7
          ],
          "preRotation": [
            -0.2223131469928645,
            0,
            0
          ],
          "parentMatrixWorld": {
            "elements": [
              0.9995941658906378,
              -0.021489121729835154,
              -0.018700832845997915,
              0,
              0.022667886393197948,
              0.9976089386668261,
              0.06528837819181897,
              0,
              0.017253128073445093,
              -0.06568579030302703,
              0.9976911879111205,
              0,
              0,
              48.76214890440269,
              0,
              1
            ]
          }
        }
      },
      "children": [
        19,
        23
      ]
    },
    {
      "name": "mixamorigLeftShoulder"
    },
    {
      "name": "mixamorigLeftShoulder",
      "children": [
        25
      ]
    },
    {
      "name": "mixamorigLeftArm"
    },
    {
      "name": "mixamorigLeftArm",
      "children": [
        27
      ]
    },
    {
      "name": "mixamorigLeftArm",
      "children": [
        28
      ]
    },
    {
      "name": "mixamorigLeftArm",
      "children": [
        29
      ]
    },
    {
      "name": "mixamorigLeftForeArm"
    },
    {
      "name": "mixamorigLeftForeArm",
      "children": [
        31
      ]
    },
    {
      "name": "mixamorigLeftForeArm",
      "children": [
        32
      ]
    },
    {
      "name": "mixamorigLeftHand"
    },
    {
      "name": "mixamorigLeftHand",
      "children": [
        34
      ]
    },
    {
      "name": "mixamorigLeftHandIndex1"
    },
    {
      "name": "mixamorigLeftHandIndex1",
      "children": [
        36
      ]
    },
    {
      "name": "mixamorigLeftHandIndex2"
    },
    {
      "name": "mixamorigLeftHandIndex3"
    },
    {
      "matrix": [
        1,
        -1.3877787807814454e-17,
        9.629649721936178e-35,
        0,
        1.3877787807814454e-17,
        1,
        -2.7755575615628914e-17,
        0,
        2.888894916580853e-34,
        2.7755575615628914e-17,
        1,
        0,
        -0.9468641234291795,
        19.23467181935581,
        -5.5182343320680864,
        1
      ],
      "name": "mixamorigLeftHandIndex4",
      "extras": {
        "transformData": {
          "eulerOrder": "ZYX",
          "translation": [
            -0.9468641234291795,
            19.23467181935581,
            -5.5182343320680864
          ],
          "preRotation": [
            -7.951386703658792e-16,
            0,
            -3.975693351829395e-16
          ],
          "parentMatrixWorld": {
            "elements": [
              0.2591534334291907,
              0.9356557721151237,
              -0.2395573497096084,
              0,
              -0.9293349575454524,
              0.30911045146553406,
              0.201958457653037,
              0,
              0.2630132779466319,
              0.17029080433556276,
              0.9496446989095715,
              0,
              -11.154641877318,
              21.580466456068677,
              -5.190761328619823,
              1
            ]
          }
        }
      }
    },
    {
      "matrix": [
        0.2591534334291907,
        0.9356557721151237,
        -0.2395573497096084,
        0,
        -0.9293349575454524,
        0.30911045146553406,
        0.201958457653037,
        0,
        0.2630132779466319,
        0.17029080433556276,
        0.9496446989095715,
        0,
        -11.154641877318,
        21.580466456068677,
        -5.190761328619823,
        1
      ],
      "name": "mixamorigLeftHandIndex3",
      "extras": {
        "transformData": {
          "eulerOrder": "ZYX",
          "translation": [
            -11.154641877318,
            21.580466456068677,
            -5.190761328619823
          ],
          "preRotation": [
            0,
            -1.9878466759146975e-16,
            -3.4787316828507205e-16
          ],
          "parentMatrixWorld": {
            "elements": [
              0.4778478587706222,
              0.8779139522995303,
              -0.030471285086159483,
              0,
              -0.8416155964443197,
              0.4674779497607773,
              0.2704580133032488,
              0,
              0.2516835208722572,
              -0.10359267105392345,
              0.9622494284723534,
              0,
              -5.684341886080802e-14,
              18.49817062460346,
              -1.7763568394002505e-15,
              1
            ]
          }
        }
      },
      "children": [
        39,
        40
      ]
    },
    {
      "matrix": [
        0.4778478587706222,
        0.8779139522995303,
        -0.030471285086159483,
        0,
        -0.8416155964443197,
        0.4674779497607773,
        0.2704580133032488,
        0,
        0.2516835208722572,
        -0.10359267105392345,
        0.9622494284723534,
        0,
        -5.684341886080802e-14,
        18.49817062460346,
        -1.7763568394002505e-15,
        1
      ],
      "name": "mixamorigLeftHandIndex2",
      "extras": {
        "transformData": {
          "eulerOrder": "ZYX",
          "translation": [
            -5.684341886080802e-14,
            18.49817062460346,
            -1.7763568394002505e-15
          ],
          "preRotation": [
            0,
            3.9756933518293935e-16,
            -4.845376272542073e-16
          ],
          "parentMatrixWorld": {
            "elements": [
              -0.6930363960949296,
              0.7179861939625916,
              0.06477886115341257,
              0,
              0.7119269225260572,
              0.6957745092918538,
              -0.0951728699035752,
              0,
              -0.11340428808382307,
              -0.0198404501515772,
              -0.9933507598081021,
              0,
              0,
              9.976814818892876,
              2.842170943040401e-14,
              1
            ]
          }
        }
      },
      "children": [
        38,
        41
      ]
    },
    {
      "matrix": [
        -0.6930363960949296,
        0.7179861939625916,
        0.06477886115341257,
        0,
        0.7119269225260572,
        0.6957745092918538,
        -0.0951728699035752,
        0,
        -0.11340428808382307,
        -0.0198404501515772,
        -0.9933507598081021,
        0,
        0,
        9.976814818892876,
        2.842170943040401e-14,
        1
      ],
      "name": "mixamorigLeftHandIndex1",
      "extras": {
        "transformData": {
          "eulerOrder": "ZYX",
          "translation": [
            0,
            9.976814818892876,
            2.842170943040401e-14
          ],
          "preRotation": [
            -141.68670906309902,
            -7.204012926631288,
            180
          ],
          "parentMatrixWorld": {
            "elements": [
              0.04075988577357825,
              -0.29455188688029516,
              0.9547658419530899,
              0,
              -0.12123156252984486,
              0.9470422860189684,
              0.2973446089637436,
              0,
              -0.9917870412904713,
              -0.12786748675283754,
              0.002892349945132544,
              0,
              0,
              107.62623539182695,
              -5.684341886080802e-14,
              1
            ]
          }
        }
      },
      "children": [
        37,
        42
      ]
    },
    {
      "matrix": [
        -0.019210302739963714,
        -0.24701863371518462,
        0.9688203122302802,
        0,
        -0.13429635260820905,
        0.9608554078503662,
        0.2423249396170678,
        0,
        -0.9907550113265265,
        -0.1254539010225167,
        -0.051632024935404086,
        0,
        0,
        107.62623539182695,
        -5.684341886080802e-14,
        1
      ],
      "name": "mixamorigLeftHand",
      "extras": {
        "transformData": {
          "eulerOrder": "ZYX",
          "translation": [
            0,
            107.62623539182695,
            -5.684341886080802e-14
          ],
          "preRotation": [
            -150.90217278676482,
            -85.78657190566635,
            180
          ],
          "parentMatrixWorld": {
            "elements": [
              -0.2770963409473761,
              0.9608355658343659,
              -0.0035449737828246405,
              0,
              -0.9608286093778758,
              -0.27711011762992793,
              -0.0042778131304996,
              0,
              -0.005092623326352972,
              0.002220745810819968,
              0.9999845666183538,
              0,
              3.552713678800501e-15,
              88.76535984001742,
              0,
              1
            ]
          }
        }
      },
      "children": [
        35,
        43
      ]
    },
    {
      "matrix": [
        -0.277981360365825,
        0.9605798995353015,
        -0.0035490394878050875,
        0,
        -0.9605729458206886,
        -0.2779951485559415,
        -0.004276554668613058,
        0,
        -0.00509458829547143,
        0.0022203088116929726,
        0.9999845575800597,
        0,
        3.552713678800501e-15,
        88.76535984001742,
        0,
        1
      ],
      "name": "mixamorigLeftForeArm",
      "extras": {
        "transformData": {
          "eulerOrder": "ZYX",
          "translation": [
            3.552713678800501e-15,
            88.76535984001742,
            0
          ],
          "preRotation": [
            -9.578225594968472,
            1.987846675914698e-16,
            1.4643511721247882
          ],
          "parentMatrixWorld": {
            "elements": [
              0.6187110778144588,
              0.0125606175898843,
              0.7855181973861596,
              0,
              -0.6243389530857395,
              0.6147730694863465,
              0.4819283661487021,
              0,
              -0.47686211759673636,
              -0.7886040256838126,
              0.38820899018400745,
              0,
              0,
              55.2822655933399,
              0,
              1
            ]
          }
        }
      },
      "children": [
        33,
        44
      ]
    },
    {
      "matrix": [
        0.5029539399806155,
        0.015586596224500645,
        0.8641726634765301,
        0,
        -0.6443430454717284,
        0.6731620956156094,
        0.36287026992357374,
        0,
        -0.5760723687473682,
        -0.7393306777486808,
        0.3486126431111452,
        0,
        0,
        55.2822655933399,
        0,
        1
      ],
      "name": "mixamorigLeftArm",
      "extras": {
        "transformData": {
          "eulerOrder": "ZYX",
          "translation": [
            0,
            55.2822655933399,
            0
          ],
          "preRotation": [
            3.4480588549250686,
            2.4848083448933725e-17,
            3.906228915088043
          ],
          "parentMatrixWorld": {
            "elements": [
              -0.04772492924302264,
              0.026580570773411312,
              -0.9985067709046549,
              0,
              0.9713458953320482,
              -0.2317772549225215,
              -0.052596740477861795,
              0,
              -0.23282922906427178,
              -0.9724056451628988,
              -0.014757355401656017,
              0,
              29.07994967699051,
              52.170607465263345,
              -0.1683396099490757,
              1
            ]
          }
        }
      },
      "children": [
        30,
        45
      ]
    },
    {
      "matrix": [
        -0.06484432834287103,
        0.01824465422609878,
        -0.9977286057568278,
        0,
        0.9749064101145727,
        -0.21221704459834362,
        -0.06724169867613046,
        0,
        -0.2129618033141386,
        -0.9770522438004556,
        -0.0040257736221336335,
        0,
        29.07994967699051,
        52.170607465263345,
        -0.1683396099490757,
        1
      ],
      "name": "mixamorigLeftShoulder",
      "extras": {
        "transformData": {
          "eulerOrder": "ZYX",
          "translation": [
            29.07994967699051,
            52.170607465263345,
            -0.1683396099490757
          ],
          "preRotation": [
            -87.10895183671975,
            89.64745971496876,
            178.1263466434621
          ],
          "parentMatrixWorld": {
            "elements": [
              0.9995941658906378,
              -0.021489121729835154,
              -0.018700832845997915,
              0,
              0.022667886393197948,
              0.9976089386668261,
              0.06528837819181897,
              0,
              0.017253128073445093,
              -0.06568579030302703,
              0.9976911879111205,
              0,
              0,
              48.76214890440269,
              0,
              1
            ]
          }
        }
      },
      "children": [
        26,
        46
      ]
    },
    {
      "name": "mixamorigRightShoulder"
    },
    {
      "name": "mixamorigRightShoulder",
      "children": [
        48
      ]
    },
    {
      "name": "mixamorigRightArm"
    },
    {
      "name": "mixamorigRightArm",
      "children": [
        50
      ]
    },
    {
      "name": "mixamorigRightArm",
      "children": [
        51
      ]
    },
    {
      "name": "mixamorigRightForeArm"
    },
    {
      "name": "mixamorigRightForeArm",
      "children": [
        53
      ]
    },
    {
      "name": "mixamorigRightForeArm",
      "children": [
        54
      ]
    },
    {
      "name": "mixamorigRightHand"
    },
    {
      "name": "mixamorigRightHand",
      "children": [
        56
      ]
    },
    {
      "name": "mixamorigRightHandIndex1"
    },
    {
      "name": "mixamorigRightHandIndex1",
      "children": [
        58
      ]
    },
    {
      "name": "mixamorigRightHandIndex1",
      "children": [
        59
      ]
    },
    {
      "name": "mixamorigRightHandIndex2"
    },
    {
      "name": "mixamorigRightHandIndex3"
    },
    {
      "matrix": [
        1,
        -1.387778780781446e-17,
        0,
        0,
        1.387778780781446e-17,
        1,
        0,
        0,
        0,
        0,
        1,
        0,
        5.633084455728806,
        17.304100487414814,
        -4.364940183302057,
        1
      ],
      "name": "mixamorigRightHandIndex4",
      "extras": {
        "transformData": {
          "eulerOrder": "ZYX",
          "translation": [
            5.633084455728806,
            17.304100487414814,
            -4.364940183302057
          ],
          "preRotation": [
            0,
            0,
            -3.975693351829397e-16
          ],
          "parentMatrixWorld": {
            "elements": [
              0.5099187382626993,
              -0.8054314284155479,
              0.30209774908830944,
              0,
              0.8578647672356086,
              0.5021149611034694,
              -0.1093094770761498,
              0,
              -0.06364650044997155,
              0.31489797516553875,
              0.9469891147237646,
              0,
              11.062448854546801,
              20.61429266315946,
              -8.520788523644892,
              1
            ]
          }
        }
      }
    },
    {
      "matrix": [
        0.5099187382626993,
        -0.8054314284155479,
        0.30209774908830944,
        0,
        0.8578647672356086,
        0.5021149611034694,
        -0.1093094770761498,
        0,
        -0.06364650044997155,
        0.31489797516553875,
        0.9469891147237646,
        0,
        11.062448854546801,
        20.61429266315946,
        -8.520788523644892,
        1
      ],
      "name": "mixamorigRightHandIndex3",
      "extras": {
        "transformData": {
          "eulerOrder": "ZYX",
          "translation": [
            11.062448854546801,
            20.61429266315946,
            -8.520788523644892
          ],
          "preRotation": [
            0,
            0,
            -3.975693351829397e-16
          ],
          "parentMatrixWorld": {
            "elements": [
              0.49048681086543056,
              -0.8620577701349601,
              0.12758954376296727,
              0,
              0.8384996706772798,
              0.5067350478553274,
              0.20034444298386367,
              0,
              -0.23736257708787023,
              0.008717483029040185,
              0.9713820116825482,
              0,
              0,
              19.197852999847896,
              7.105427357601002e-15,
              1
            ]
          }
        }
      },
      "children": [
        62,
        63
      ]
    },
    {
      "matrix": [
        0.49048681086543056,
        -0.8620577701349601,
        0.12758954376296727,
        0,
        0.8384996706772798,
        0.5067350478553274,
        0.20034444298386367,
        0,
        -0.23736257708787023,
        0.008717483029040185,
        0.9713820116825482,
        0,
        0,
        19.197852999847896,
        7.105427357601002e-15,
        1
      ],
      "name": "mixamorigRightHandIndex2",
      "extras": {
        "transformData": {
          "eulerOrder": "ZYX",
          "translation": [
            0,
            19.197852999847896,
            7.105427357601002e-15
          ],
          "preRotation": [
            -7.951386703658788e-16,
            0,
            -7.951386703658792e-16
          ],
          "parentMatrixWorld": {
            "elements": [
              -0.7015714112954994,
              -0.7028218537555423,
              -0.11763952089409413,
              0,
              -0.708901376261745,
              0.7051508206060245,
              0.014871763644484393,
              0,
              0.0725014049986119,
              0.09382842055217955,
              -0.9929450358443024,
              0,
              0,
              11.573865690692173,
              -2.842170943040401e-14,
              1
            ]
          }
        }
      },
      "children": [
        61,
        64
      ]
    },
    {
      "matrix": [
        -0.7015714112954994,
        -0.7028218537555423,
        -0.11763952089409413,
        0,
        -0.708901376261745,
        0.7051508206060245,
        0.014871763644484393,
        0,
        0.0725014049986119,
        0.09382842055217955,
        -0.9929450358443024,
        0,
        0,
        11.573865690692173,
        -2.842170943040401e-14,
        1
      ],
      "name": "mixamorigRightHandIndex1",
      "extras": {
        "transformData": {
          "eulerOrder": "ZYX",
          "translation": [
            0,
            11.573865690692173,
            -2.842170943040401e-14
          ],
          "preRotation": [
            -140.68799038077898,
            7.5173205501672795,
            180
          ],
          "parentMatrixWorld": {
            "elements": [
              0.007961744115822067,
              0.14699330163251428,
              -0.9891054322460382,
              0,
              0.3464444851865885,
              0.9274705352314588,
              0.14062227142487252,
              0,
              0.9380366759926015,
              -0.3437897232496392,
              -0.04354073538117054,
              0,
              0,
              107.811622454396,
              0,
              1
            ]
          }
        }
      },
      "children": [
        60,
        65
      ]
    },
    {
      "matrix": [
        -0.06257951579721888,
        0.1189601404539464,
        -0.990924958123742,
        0,
        0.36828558668544065,
        0.9255524842448779,
        0.08785399471923439,
        0,
        0.9276041797497052,
        -0.35944552122893925,
        -0.10173193115330204,
        0,
        0,
        107.811622454396,
        0,
        1
      ],
      "name": "mixamorigRightHand",
      "extras": {
        "transformData": {
          "eulerOrder": "ZYX",
          "translation": [
            0,
            107.811622454396,
            0
          ],
          "preRotation": [
            26.84022052118579,
            86.40498878133774,
            7.92556578787892e-16
          ],
          "parentMatrixWorld": {
            "elements": [
              -0.13218616385092896,
              -0.9912230825848667,
              -0.001905683020948888,
              0,
              0.9912158106126588,
              -0.13217646565270377,
              -0.0045400120466771955,
              0,
              0.004248278276077205,
              -0.002489069876342853,
              0.9999878782580209,
              0,
              3.552713678800501e-15,
              88.6173269563413,
              0,
              1
            ]
          }
        }
      },
      "children": [
        57,
        66
      ]
    },
    {
      "matrix": [
        -0.11880434037478249,
        -0.9929157360066055,
        -0.0019668637842242503,
        0,
        0.9929084512144455,
        -0.11879446002375403,
        -0.004547793880494743,
        0,
        0.004281923588262575,
        -0.0024932133301101464,
        0.9999877244334852,
        0,
        3.552713678800501e-15,
        88.6173269563413,
        0,
        1
      ],
      "name": "mixamorigRightForeArm",
      "extras": {
        "transformData": {
          "eulerOrder": "ZYX",
          "translation": [
            3.552713678800501e-15,
            88.6173269563413,
            0
          ],
          "preRotation": [
            -9.577659948786629,
            0,
            -4.846616950532579
          ],
          "parentMatrixWorld": {
            "elements": [
              0.5907113154046867,
              -0.4804876914694174,
              -0.6482219635898167,
              0,
              0.7900152394938853,
              0.18100034503815918,
              0.5857600056500429,
              0,
              -0.1641220798712539,
              -0.8581202952955428,
              0.48651155589953043,
              0,
              0,
              55.28226942913602,
              1.1368683772161603e-13,
              1
            ]
          }
        }
      },
      "children": [
        55,
        67
      ]
    },
    {
      "matrix": [
        0.3953314252951299,
        -0.5152976221310148,
        -0.7603824383512182,
        0,
        0.9105012500980025,
        0.11056839063013976,
        0.3984496773571443,
        0,
        -0.12124588857687721,
        -0.8498488291703177,
        0.5128902654741091,
        0,
        0,
        55.28226942913602,
        1.1368683772161603e-13,
        1
      ],
      "name": "mixamorigRightArm",
      "extras": {
        "transformData": {
          "eulerOrder": "ZYX",
          "translation": [
            0,
            55.28226942913602,
            1.1368683772161603e-13
          ],
          "preRotation": [
            3.4641665167645157,
            -9.939233379573492e-17,
            -0.8376556768624526
          ],
